Dhaka Chittagong Barisal Sylhet Rajshahi Khulna
0	264	277	346	270	335
264	0	541	425	534	599
277	541	0	623	401	322
346	425	623	0	616	694
270	534	401	616	0	295
335	599	322	694	295	0